{
  "step": 13000,
  "probe": "stage_bank_diversity",
  "up_weight_cosine_matrix": [
    [
      1.0,
      0.0009,
      0.0001,
      0.0011,
      -0.0013,
      0.0004,
      0.001
    ],
    [
      0.0009,
      1.0,
      -0.0013,
      -0.0007,
      -0.0005,
      0.0005,
      -0.0002
    ],
    [
      0.0001,
      -0.0013,
      1.0,
      0.0163,
      0.0126,
      0.02,
      0.0166
    ],
    [
      0.0011,
      -0.0007,
      0.0163,
      1.0,
      0.0326,
      0.042,
      0.0356
    ],
    [
      -0.0013,
      -0.0005,
      0.0126,
      0.0326,
      1.0,
      0.0242,
      0.0245
    ],
    [
      0.0004,
      0.0005,
      0.02,
      0.042,
      0.0242,
      1.0,
      0.0327
    ],
    [
      0.001,
      -0.0002,
      0.0166,
      0.0356,
      0.0245,
      0.0327,
      1.0
    ]
  ],
  "mean_off_diagonal_cosine": 0.0122,
  "stage_bias_stats": [
    {
      "stage": 0,
      "mean": -0.0004,
      "std": 0.0209,
      "frac_positive": 0.499
    },
    {
      "stage": 1,
      "mean": -0.0003,
      "std": 0.0209,
      "frac_positive": 0.497
    },
    {
      "stage": 2,
      "mean": -0.0406,
      "std": 0.0831,
      "frac_positive": 0.333
    },
    {
      "stage": 3,
      "mean": -0.0196,
      "std": 0.0303,
      "frac_positive": 0.283
    },
    {
      "stage": 4,
      "mean": -0.0205,
      "std": 0.0373,
      "frac_positive": 0.287
    },
    {
      "stage": 5,
      "mean": -0.0234,
      "std": 0.0358,
      "frac_positive": 0.283
    },
    {
      "stage": 6,
      "mean": -0.0063,
      "std": 0.0325,
      "frac_positive": 0.43
    }
  ],
  "verdict": "Stages are orthogonal (mean cosine 0.012) but stages 0-1 are barely trained (bias mean ~0, frac_positive ~0.5). Stages 2-6 show learned selectivity (bias mean negative, frac_positive 0.28-0.43). Capacity wasted on underutilized stages."
}